0 32 32 31 42 33 55 37 32 29 39 34 35 26 37 30 33 38 36 36 23 48 43 25 38 19 46 39 49 24 22 44 40 37 38 26 30 31 36 31 39 42 31 41 22 32 23 44 12 28 39 13 23 39 31 39 47 30 31 43 21 42 10 28 50 35 40 35 28 41 19 47 31 30 29 39 43 21 32 42 33 25 24 23 37 32 35 26 35 24 33 10 41 30 28 44 36 33 41 36 
31 0 33 30 33 32 51 37 20 35 15 45 50 26 36 47 31 39 45 36 29 35 15 25 38 38 38 33 35 34 22 45 32 31 38 40 45 42 40 39 39 47 41 27 22 41 32 44 36 26 39 40 35 39 42 43 49 49 45 49 21 40 41 35 38 41 40 34 46 54 50 22 48 44 41 45 43 41 31 24 39 25 14 23 31 43 38 50 26 24 33 10 41 26 28 44 36 48 40 41 
39 44 0 45 39 36 44 30 45 40 32 40 26 45 45 42 17 57 39 30 26 39 40 28 38 31 39 41 52 43 41 40 41 51 44 45 41 36 49 34 42 32 27 40 45 46 42 23 31 31 43 16 26 33 24 10 29 32 48 40 40 46 26 31 49 38 44 30 31 46 42 43 45 46 32 46 46 37 45 38 36 53 48 53 40 37 46 42 39 40 36 49 15 20 37 48 42 52 47 39 
44 36 32 0 37 38 43 42 35 30 24 32 38 47 29 24 43 55 50 33 28 43 39 42 43 46 40 47 33 45 41 31 24 46 54 44 50 44 42 42 47 53 44 38 32 13 17 22 33 34 42 38 40 42 31 33 41 41 32 55 37 52 31 16 49 36 38 40 37 53 59 53 32 14 44 31 45 34 49 49 38 35 50 28 39 38 31 21 38 44 35 44 44 22 36 53 45 32 42 37 
23 43 35 40 0 51 47 44 29 38 40 42 30 49 38 38 26 37 48 42 37 34 48 37 39 29 29 50 54 45 40 30 52 40 49 47 39 43 39 32 40 18 39 43 43 35 28 51 35 40 56 27 37 42 39 43 38 40 49 55 19 31 33 42 40 43 53 25 42 48 28 38 42 42 11 28 42 32 41 15 33 36 40 41 51 32 28 41 39 47 30 33 43 36 40 29 47 56 43 31 
38 39 17 46 43 0 37 35 30 37 44 31 43 40 24 39 34 36 41 40 41 35 10 20 23 27 30 28 36 29 35 39 40 24 43 34 33 20 39 50 34 42 40 21 41 48 26 40 32 33 33 33 39 29 40 27 44 30 22 17 48 32 34 27 41 31 44 26 37 25 37 27 33 30 42 45 39 45 41 16 10 42 34 40 32 54 30 34 40 35 12 45 28 37 28 41 40 48 32 36 
46 52 50 33 44 33 0 37 50 30 40 51 51 43 47 46 36 59 44 47 39 49 43 33 38 41 53 30 56 32 54 55 45 50 52 56 53 40 19 46 47 51 46 47 48 46 47 55 45 44 43 29 39 51 51 47 57 49 44 50 41 43 45 44 65 51 39 37 44 45 55 50 48 35 44 53 41 41 52 49 30 38 50 23 46 55 43 28 43 27 33 42 49 45 46 62 30 45 54 34 
36 35 30 26 30 37 18 0 17 27 37 27 37 24 36 49 28 36 34 24 36 13 33 22 45 17 44 36 46 22 37 45 39 28 49 24 28 40 25 37 36 40 40 39 41 39 21 44 10 36 13 33 30 38 35 37 41 28 37 54 33 28 27 11 57 33 45 40 43 50 38 47 32 40 40 23 37 30 41 45 40 43 39 37 37 39 26 29 33 24 39 44 31 32 20 57 34 31 47 33 
36 18 44 48 13 50 42 38 0 47 33 53 40 44 51 41 11 38 58 43 44 41 30 43 32 37 42 35 45 49 39 43 40 11 51 26 45 49 44 45 46 28 43 45 40 45 41 40 40 44 39 40 46 27 50 38 48 40 42 61 32 40 46 40 53 41 42 38 26 34 38 40 39 30 24 39 41 45 49 28 42 37 32 41 43 45 41 44 40 42 22 28 36 33 41 42 38 57 50 41 
32 22 29 40 34 34 49 42 37 0 10 35 21 29 31 27 23 29 30 32 24 40 37 32 35 31 41 33 30 18 34 35 26 37 35 33 35 27 40 39 21 40 22 38 18 23 26 47 32 32 37 21 31 34 22 36 31 35 21 51 11 45 15 31 35 36 36 31 34 32 33 37 22 16 14 28 39 12 38 33 34 28 36 30 26 35 29 31 29 35 24 29 36 21 32 32 27 33 31 37 
39 12 19 37 38 42 46 34 32 35 0 30 44 36 38 45 36 48 37 41 14 30 27 37 40 25 43 23 20 34 34 48 38 27 41 36 40 34 44 51 50 32 38 39 32 38 32 37 22 28 32 33 26 33 36 29 48 36 39 51 33 35 39 33 25 26 35 26 41 39 42 34 40 44 26 34 34 47 43 36 24 37 26 35 16 28 40 37 38 34 29 22 26 11 33 44 39 33 49 27 
41 44 40 37 50 45 33 33 44 41 32 0 52 34 20 43 28 42 44 33 34 39 30 36 18 31 46 25 33 32 26 36 18 41 52 34 33 35 14 33 36 45 45 18 26 21 30 40 20 28 42 24 34 32 41 42 46 36 23 31 49 32 24 39 39 46 32 38 39 37 48 38 28 44 13 45 36 35 44 43 44 27 35 37 46 32 10 40 43 32 30 40 37 19 23 31 39 40 33 41 
36 36 39 44 13 22 40 35 40 24 24 14 0 45 34 51 25 33 33 37 37 26 26 22 32 42 27 39 41 42 20 25 32 35 38 38 32 42 28 37 36 31 46 26 38 35 41 36 32 42 42 33 43 37 10 41 23 46 37 39 32 44 38 40 39 37 45 10 22 47 41 23 42 40 24 36 37 36 43 28 32 41 34 34 38 38 24 33 42 36 34 36 46 21 35 22 34 49 31 20 
34 31 37 27 40 27 47 29 28 22 32 38 43 0 43 41 39 40 35 34 38 42 36 37 30 12 42 23 50 23 22 40 40 16 46 30 29 16 32 39 36 35 44 48 40 27 30 38 22 12 36 28 34 38 44 40 38 23 38 44 33 16 30 22 35 27 52 31 31 39 33 36 27 30 24 46 34 34 28 28 37 49 40 17 42 33 34 24 34 34 27 36 43 41 34 35 23 43 48 38 
42 35 28 34 41 40 35 36 41 40 43 44 42 40 0 41 44 36 41 30 17 19 10 37 21 38 46 26 19 29 41 42 41 30 46 43 34 34 15 29 31 47 29 27 31 35 38 39 31 31 31 25 29 35 34 26 41 46 31 51 39 39 13 29 46 29 35 29 35 36 30 30 31 33 41 29 37 24 39 45 27 33 35 38 43 35 40 29 40 37 10 35 26 40 28 54 39 41 41 30 
38 29 41 28 15 28 44 32 11 38 22 28 14 23 28 0 22 47 26 43 36 32 38 36 33 28 27 45 40 46 27 39 30 22 52 37 28 39 42 44 25 33 40 40 49 41 41 23 42 35 41 31 41 18 24 41 17 39 41 45 34 39 19 43 47 12 33 24 27 45 37 37 36 39 26 29 42 30 47 30 36 23 37 18 38 31 34 35 36 43 28 37 43 33 32 36 29 45 37 34 
50 46 47 39 41 42 31 35 28 36 39 42 29 47 46 34 0 54 47 36 39 30 41 38 31 26 32 24 53 44 49 50 48 39 48 42 42 42 42 47 41 17 37 38 46 34 44 29 33 44 40 29 35 16 39 37 37 37 40 50 45 29 42 29 59 46 31 39 44 47 27 49 28 38 45 37 35 46 40 48 32 36 48 36 49 39 43 38 43 35 41 40 25 22 30 51 27 51 50 30 
41 32 39 23 37 27 43 39 33 21 20 26 27 45 27 22 38 0 48 44 34 39 37 24 44 25 40 34 39 39 30 52 29 44 46 43 27 44 40 47 38 48 40 44 30 27 20 22 42 36 42 41 41 40 34 36 39 36 38 44 32 33 34 39 34 11 43 23 26 49 11 36 40 31 35 35 29 30 24 43 34 45 24 40 36 34 33 27 36 44 35 36 42 31 46 49 40 45 36 33 
35 32 49 49 32 43 28 52 32 33 43 42 28 47 44 57 43 50 0 23 45 12 32 41 55 31 47 50 50 45 39 44 38 43 48 49 53 50 47 18 53 43 39 37 29 54 31 57 35 48 48 47 19 47 36 47 51 34 43 54 32 59 32 38 61 57 47 38 48 58 46 51 46 49 43 22 32 43 29 47 53 49 46 49 33 38 52 43 33 49 46 41 62 42 49 50 53 48 52 30 
41 39 35 26 55 20 51 52 50 51 42 51 55 43 44 50 38 46 57 0 49 37 30 40 37 41 47 48 43 49 39 57 38 24 57 39 45 40 51 48 47 49 53 41 39 31 40 48 50 48 52 40 50 49 45 42 51 50 41 37 38 52 51 35 61 51 52 46 39 45 51 46 47 40 23 47 44 58 50 36 30 42 41 40 13 44 40 47 41 34 26 27 42 48 45 35 53 30 32 50 
38 47 39 42 24 28 43 35 30 26 35 31 42 38 28 31 27 48 48 30 0 28 38 24 39 40 29 42 36 36 24 34 24 34 31 38 28 20 31 41 37 30 37 27 31 29 34 23 24 14 33 30 12 30 38 42 47 42 44 37 37 46 25 31 37 12 38 12 27 25 39 25 46 30 35 38 38 36 30 31 10 43 32 32 26 38 34 35 39 35 36 28 33 23 19 37 25 43 37 13 
23 40 37 37 35 31 16 40 22 29 39 44 43 35 55 49 32 38 34 11 45 0 20 44 45 19 39 38 52 39 42 32 26 33 37 37 44 38 35 50 41 31 27 37 45 42 40 45 35 36 50 35 45 48 39 47 49 30 42 47 20 47 25 46 49 45 40 44 43 46 38 46 34 45 34 10 24 36 28 47 41 37 45 39 24 26 50 31 21 40 37 33 50 40 37 46 46 40 43 38 
33 55 18 40 44 40 47 29 42 37 46 44 44 30 40 46 35 26 31 30 44 42 0 45 41 42 44 18 32 19 31 35 51 42 46 44 53 46 30 48 56 48 44 17 39 53 46 41 39 42 35 34 29 37 42 28 47 36 34 52 44 46 33 40 60 37 50 33 49 50 37 46 37 53 43 43 29 44 39 56 50 47 50 30 43 48 30 45 30 29 33 43 32 38 18 53 45 45 44 43 
49 36 43 38 48 39 54 36 35 36 24 34 42 42 29 37 32 44 34 35 38 43 39 0 40 49 34 47 24 48 38 50 46 44 47 32 35 37 44 44 14 46 37 48 22 38 41 54 36 50 30 40 35 40 37 48 24 48 32 53 37 23 16 18 49 48 40 27 48 47 26 40 37 36 37 50 54 27 39 47 43 41 38 39 40 38 33 32 43 40 39 26 50 27 43 55 42 57 42 29 
34 47 30 34 38 44 33 15 31 42 35 42 40 34 39 52 42 34 44 39 31 28 48 20 0 32 35 45 30 32 34 45 35 42 41 22 30 17 35 51 31 37 46 35 34 39 31 23 20 29 28 45 30 37 38 24 41 43 10 49 33 43 31 26 52 28 49 38 43 19 41 41 10 47 45 38 27 42 37 53 38 37 17 35 44 49 36 43 25 31 36 22 45 41 35 52 37 41 20 44 
36 32 36 33 28 42 45 44 24 10 20 36 31 24 41 32 33 30 34 22 26 34 44 25 45 0 38 43 40 22 23 28 36 35 44 18 41 37 44 31 31 23 32 38 28 33 31 42 25 31 31 16 26 39 32 29 41 11 31 46 21 40 25 31 40 38 46 38 31 33 21 40 15 26 24 38 32 22 34 43 34 38 39 40 30 39 33 12 30 39 34 27 46 31 37 42 37 43 41 36 
38 39 27 39 16 40 41 37 36 35 45 44 30 28 40 44 42 44 43 34 53 37 44 22 51 40 0 48 33 44 32 46 39 38 27 38 10 34 41 48 34 34 38 44 44 39 22 27 33 33 35 43 30 40 28 14 33 36 35 55 35 44 30 40 56 28 24 40 40 22 44 53 38 50 27 44 40 28 21 31 49 41 21 45 33 42 30 15 33 47 40 33 42 33 34 45 40 46 45 31 
38 40 36 22 26 22 29 11 28 25 28 32 41 35 46 28 30 38 34 35 41 24 32 27 23 28 26 0 37 33 31 43 46 34 43 26 36 40 36 40 38 42 30 29 43 35 32 44 21 46 17 31 11 35 32 33 45 39 16 34 32 32 24 22 44 40 37 15 44 42 25 28 19 36 35 25 11 30 28 38 32 46 39 12 25 30 37 27 34 11 22 31 38 26 31 53 39 27 26 25 
38 47 32 37 42 37 46 40 29 36 46 41 46 26 27 34 39 38 36 26 34 30 37 31 44 26 44 37 0 24 28 46 42 40 43 26 30 42 26 45 33 35 34 38 12 50 23 30 12 38 12 29 25 16 32 38 40 37 39 49 27 27 37 25 56 41 30 43 35 53 45 47 41 32 45 32 34 40 44 43 42 31 30 29 39 51 35 38 35 26 35 16 44 34 30 50 21 33 49 25 
14 38 35 38 41 35 34 40 39 18 28 42 39 11 21 41 41 39 12 15 37 24 31 39 41 23 40 31 36 0 33 34 44 23 27 27 34 27 22 30 37 29 40 26 36 38 32 41 21 23 40 27 31 39 40 45 47 17 15 51 29 27 24 33 46 38 36 39 38 31 30 39 38 34 32 34 28 30 20 39 43 28 38 28 28 44 11 35 11 35 31 24 38 39 24 46 34 42 25 30 
41 30 36 41 34 44 47 43 31 35 44 48 39 46 38 35 42 30 49 42 39 31 35 42 32 27 42 46 35 44 0 41 35 15 32 18 32 44 41 17 50 46 47 38 28 47 30 31 32 45 27 30 40 17 32 30 39 38 42 50 46 42 44 33 57 41 32 40 30 38 41 41 42 25 35 37 27 47 28 37 34 45 39 34 25 47 30 39 40 46 28 39 44 30 30 22 14 42 42 38 
23 33 46 35 28 29 17 39 15 26 36 12 29 20 29 45 26 40 44 22 39 28 39 24 30 32 29 33 41 32 10 0 30 25 39 28 29 36 22 27 38 39 25 30 31 33 40 24 32 32 37 32 41 27 39 36 47 43 35 43 36 36 33 42 39 13 42 12 28 44 40 23 40 35 25 38 37 38 38 40 37 39 36 25 35 40 22 35 40 38 35 33 24 23 10 32 24 48 38 22 
23 35 40 51 44 40 46 28 38 27 23 47 42 31 40 39 49 44 41 27 37 40 44 36 43 35 28 41 43 29 20 35 0 28 38 34 30 47 30 37 48 30 44 44 45 25 14 33 20 10 34 36 34 27 28 30 47 18 40 57 38 41 28 39 33 48 14 35 40 50 40 47 44 28 41 44 34 34 26 25 45 47 41 42 39 14 37 43 40 34 35 33 45 25 37 33 21 41 50 36 
46 15 33 41 31 43 42 28 35 42 30 50 36 41 46 30 41 27 51 32 33 41 20 40 48 43 45 31 34 39 28 38 29 0 40 15 46 41 33 45 35 49 32 35 37 43 40 41 29 39 28 43 42 45 46 42 45 46 46 53 36 43 49 39 53 30 43 28 15 23 38 37 40 19 42 44 30 51 46 39 31 40 29 33 32 43 50 46 41 39 43 25 48 39 38 45 41 46 39 32 
11 36 12 40 31 44 35 17 18 38 37 32 38 37 44 39 29 17 30 41 29 30 41 35 44 30 30 35 41 35 30 40 46 29 0 17 23 22 42 42 49 44 35 26 33 43 34 35 23 39 23 24 34 34 36 22 20 41 42 44 32 38 21 28 51 28 36 40 39 48 28 40 39 41 33 35 21 32 41 46 33 36 34 34 48 29 42 37 39 35 37 21 27 12 37 51 44 37 41 34 
38 41 18 35 16 39 40 41 36 33 32 35 21 28 37 34 26 12 38 26 44 44 46 36 45 37 41 41 35 26 13 23 39 26 33 0 32 26 37 30 43 34 45 20 41 39 25 34 14 33 13 34 34 30 31 28 31 43 34 56 35 28 36 34 39 23 45 31 31 31 23 23 50 36 27 44 40 42 36 31 16 27 21 45 38 46 37 39 33 28 36 48 33 36 33 35 27 35 34 33 
28 35 46 50 44 34 50 46 47 48 36 46 49 47 33 49 44 38 35 36 50 47 43 12 52 46 46 40 36 45 22 51 29 37 39 28 0 49 36 39 26 52 49 48 34 38 43 29 33 23 25 41 42 39 49 50 36 47 39 51 44 35 28 30 46 18 43 36 33 47 38 49 49 41 39 34 40 39 25 48 42 46 11 50 42 43 40 44 23 47 42 37 38 39 24 44 34 50 37 35 
18 32 21 41 27 27 33 15 14 27 37 42 46 39 27 40 25 48 48 30 41 28 37 25 46 32 37 40 39 37 35 48 27 25 48 39 13 0 29 49 39 42 35 44 39 36 14 22 25 36 28 31 41 37 28 30 47 43 27 44 38 43 14 26 57 11 41 30 26 45 37 43 35 34 38 38 41 25 38 42 35 43 24 41 42 36 33 30 35 39 35 28 32 25 18 49 40 28 36 40 
33 45 46 33 37 33 40 22 36 34 39 41 43 40 48 39 39 49 45 42 20 35 43 22 29 25 34 11 46 35 35 53 44 34 38 37 35 40 0 27 36 48 41 38 38 40 36 43 26 25 28 10 20 46 43 44 38 36 27 40 42 24 33 25 48 32 20 24 25 45 36 37 30 43 26 36 22 41 38 49 30 19 46 23 34 41 40 37 37 22 33 42 43 27 39 44 36 26 36 33 
38 32 36 40 27 30 48 43 14 26 31 35 44 31 26 39 25 43 41 25 43 45 34 38 37 32 29 49 40 29 35 42 45 25 39 31 35 47 41 0 47 38 33 34 11 49 13 39 17 43 30 34 24 38 18 29 37 43 25 37 34 45 27 24 56 45 29 43 30 46 28 47 47 35 38 28 14 38 11 39 40 32 37 36 38 41 34 30 39 31 36 23 47 24 41 49 49 30 34 21 
43 42 38 24 36 35 48 39 34 22 32 27 28 28 39 23 18 39 20 38 46 32 45 25 40 40 20 35 39 40 24 39 42 39 45 30 21 39 41 38 0 35 34 43 24 37 34 46 38 38 16 43 37 34 38 34 10 34 18 52 23 31 26 27 44 35 42 38 46 42 12 49 29 32 23 36 43 31 25 51 29 27 26 25 46 35 37 28 29 26 35 12 39 40 30 41 38 50 28 35 
33 34 36 22 25 34 34 40 32 20 22 25 12 38 36 21 37 37 30 39 36 38 38 23 43 39 15 33 41 27 32 34 34 43 31 48 25 25 33 45 37 0 39 29 29 17 37 42 36 44 38 30 40 30 22 29 20 44 36 37 30 46 25 38 47 33 39 22 34 30 10 35 36 24 33 20 34 29 23 31 15 40 36 32 38 33 35 26 31 43 41 29 41 33 43 34 39 43 43 13 
36 46 43 37 41 26 30 29 28 39 41 25 42 33 42 40 35 40 32 22 31 41 36 33 43 36 32 33 30 32 23 13 43 36 46 38 38 44 22 39 17 50 0 43 31 46 33 37 24 36 33 21 31 29 47 36 22 46 35 43 36 43 33 35 52 26 37 25 16 19 29 36 41 48 35 39 31 44 42 42 34 41 30 38 33 30 35 45 30 13 38 29 24 13 10 45 37 45 45 33 
41 38 44 50 45 27 35 42 32 37 47 27 37 38 39 44 43 44 37 38 49 40 37 42 27 36 47 51 15 39 14 18 45 29 46 32 40 37 40 31 48 50 33 0 24 38 38 42 27 50 27 39 23 26 31 32 50 47 37 44 42 42 16 35 52 31 41 30 41 42 41 36 37 36 40 40 41 27 42 43 37 46 38 43 37 38 37 32 44 14 16 31 32 32 28 36 28 48 47 40 
27 37 43 40 32 32 37 45 19 27 37 29 45 25 15 33 30 37 49 14 32 34 25 35 36 37 32 41 34 44 33 35 34 30 49 25 42 41 30 39 39 47 22 31 0 39 34 46 38 37 38 35 13 46 20 41 39 48 46 49 38 41 26 13 54 44 18 42 32 41 45 45 38 24 37 44 47 28 36 47 41 45 46 38 27 48 28 42 52 35 25 37 41 35 32 44 43 44 46 31 
42 23 19 43 37 48 50 45 33 45 11 41 36 35 42 22 30 43 45 41 25 34 38 29 51 36 44 34 31 33 43 53 49 38 48 31 39 31 45 53 34 43 46 44 27 0 32 42 21 39 43 35 37 40 43 29 39 47 19 59 42 46 41 40 36 34 45 34 49 50 46 45 19 51 37 44 36 50 46 47 35 23 37 40 27 39 44 48 32 35 40 31 34 22 44 55 50 42 29 38 
45 35 29 37 39 26 44 39 49 13 23 45 32 36 44 40 36 42 43 36 37 47 30 45 46 43 23 46 43 31 44 48 39 34 48 36 33 35 42 43 34 38 35 30 31 36 0 29 22 45 33 33 32 33 14 16 33 38 34 43 24 41 14 33 48 41 35 39 26 45 46 50 35 29 27 37 41 25 37 42 36 41 36 43 39 28 42 30 42 36 37 42 44 11 35 36 40 43 44 33 
30 48 42 50 48 35 21 39 47 40 46 48 45 53 43 49 44 49 45 42 45 52 45 44 24 30 46 36 50 52 50 54 54 33 32 46 47 41 40 46 26 51 41 56 28 59 51 0 42 47 20 43 41 44 43 29 36 41 34 52 48 35 40 32 49 49 46 48 35 39 38 33 34 52 49 47 33 48 31 51 45 51 41 44 52 53 47 35 16 22 13 38 29 36 51 65 51 49 44 40 
26 45 20 41 30 27 46 43 42 24 34 36 35 14 33 46 37 26 24 27 40 36 37 30 44 26 34 35 44 12 27 37 47 30 39 14 18 30 24 42 44 40 33 29 42 41 11 40 0 26 27 31 20 28 25 27 44 29 27 44 35 30 25 20 49 36 43 45 37 43 37 37 41 40 38 46 40 36 32 36 30 40 29 31 34 39 23 38 23 14 39 36 35 22 36 47 37 21 37 38 
36 38 30 42 39 37 46 42 28 34 26 45 36 24 37 29 39 34 34 37 32 30 42 26 33 36 39 31 45 22 10 45 28 25 39 24 28 40 20 27 40 43 43 39 38 15 21 41 10 0 24 30 24 26 33 28 46 39 30 47 39 33 34 30 23 41 40 41 33 48 38 45 34 18 45 34 24 45 16 34 40 37 35 32 35 42 27 40 32 24 25 28 41 32 27 23 11 31 40 26 
45 45 49 49 40 45 46 28 27 48 42 53 49 52 45 55 38 54 38 46 40 37 55 49 51 45 38 28 57 50 48 41 46 38 37 52 45 59 31 52 35 37 45 57 38 41 49 40 38 40 0 37 39 37 52 52 28 51 44 44 47 15 52 39 51 29 51 43 40 60 47 35 47 48 41 47 39 57 43 38 50 31 28 39 52 58 51 53 40 39 48 36 57 49 45 51 48 55 52 20 
23 35 36 29 34 38 46 28 32 24 34 31 33 30 38 41 31 42 40 32 10 38 48 12 41 15 39 44 36 28 25 43 34 35 28 30 25 30 33 18 26 38 44 28 29 30 27 33 16 15 39 0 10 39 36 42 36 26 43 30 35 35 23 15 38 22 41 22 15 35 36 35 30 33 16 43 30 34 29 41 20 47 36 42 24 34 30 27 39 30 30 33 43 17 29 34 26 37 47 23 
42 35 36 47 32 45 52 44 48 14 24 35 35 39 43 41 37 43 44 36 38 38 45 22 38 42 50 47 31 32 20 36 39 25 36 38 37 34 38 37 35 35 34 18 32 35 36 51 25 46 43 35 0 35 34 43 45 49 35 42 25 45 13 19 49 45 42 45 40 44 45 47 34 30 24 42 35 24 37 36 48 42 35 37 14 35 34 29 42 32 27 28 43 35 37 42 34 31 45 18 
36 42 36 24 33 45 30 41 29 20 30 42 32 34 37 18 40 38 44 25 23 14 34 25 35 10 29 37 37 32 33 38 32 29 41 26 38 37 26 31 39 33 40 22 35 37 31 41 29 28 24 13 23 0 41 28 35 21 41 43 29 39 35 26 50 30 15 35 28 43 31 45 25 22 29 24 24 32 33 34 33 41 32 36 37 40 27 22 35 36 25 37 28 30 14 46 11 40 40 36 
49 51 29 49 26 12 30 25 42 39 44 43 39 44 36 48 40 42 29 46 50 38 16 32 35 39 29 34 31 35 30 34 42 36 47 41 39 32 30 29 46 27 49 16 40 44 38 26 30 45 32 40 39 41 0 39 19 36 29 29 39 44 32 36 53 27 43 25 12 37 37 38 38 42 32 41 27 43 40 28 22 49 39 46 28 36 42 43 38 30 24 42 40 19 34 42 33 43 39 29 
43 38 13 36 29 26 34 23 40 30 39 30 16 35 46 43 30 49 29 20 39 36 30 38 37 36 29 34 45 33 36 39 31 41 36 47 39 37 44 42 39 22 37 30 41 38 41 13 33 41 33 29 16 26 14 0 19 22 43 43 41 48 16 34 51 41 41 26 26 47 32 39 37 36 25 42 41 27 44 42 36 53 38 46 30 38 40 32 29 35 26 44 28 33 40 38 37 47 37 34 
33 42 37 48 26 50 38 44 40 35 39 41 38 38 40 50 28 42 10 33 48 22 42 29 41 31 10 39 42 41 39 29 38 31 35 36 20 44 41 28 43 44 41 45 39 28 30 37 29 32 45 46 29 44 38 24 0 42 24 54 42 48 40 47 38 38 34 41 36 32 50 50 19 50 13 32 36 38 31 41 34 46 20 43 43 34 30 25 19 43 50 31 29 41 37 31 43 50 31 40 
25 27 46 34 37 38 34 42 32 27 34 29 24 13 32 33 43 47 23 26 43 35 42 35 39 17 27 36 47 11 27 17 46 24 38 35 37 29 33 20 43 12 26 37 31 27 30 31 32 25 31 33 42 42 26 40 32 0 26 49 35 29 35 35 29 30 47 29 38 36 22 29 26 36 37 32 34 16 31 37 27 39 38 30 37 45 22 29 22 38 28 24 41 39 27 46 31 50 36 25 
50 38 20 24 28 51 49 50 40 42 26 47 33 40 36 45 37 24 50 38 40 41 46 40 52 37 25 48 21 38 25 35 40 38 45 12 31 38 37 42 52 27 36 25 33 29 37 30 26 45 25 36 44 27 43 30 43 42 0 60 47 40 41 40 51 35 42 28 43 43 35 35 48 38 39 47 51 52 27 43 28 39 33 50 42 50 26 40 45 39 41 37 35 33 29 47 38 47 10 37 
34 40 37 43 38 46 36 37 34 20 30 26 37 26 25 42 39 40 33 27 35 39 35 31 22 10 34 33 44 24 26 30 31 26 26 28 19 39 36 33 41 25 34 40 38 31 37 40 26 16 40 26 36 42 36 27 45 13 32 0 31 31 35 10 26 37 35 39 36 37 31 10 25 34 25 45 40 29 30 50 40 42 17 36 15 45 25 22 29 36 11 29 27 38 35 36 27 32 42 38 
42 27 34 36 48 37 43 40 40 30 38 44 41 34 45 40 12 18 41 42 46 42 42 33 25 20 39 36 35 42 30 33 43 29 42 38 24 42 41 47 21 29 20 50 30 36 38 40 31 21 37 36 43 28 50 44 31 31 35 42 0 39 45 41 29 29 43 41 32 39 29 26 35 39 44 49 45 42 29 51 44 17 25 31 38 50 40 32 37 32 34 18 37 33 30 44 32 52 24 39 
41 30 42 39 25 40 31 13 12 33 37 40 48 37 42 43 23 47 32 37 25 26 42 35 44 30 32 43 57 35 44 43 36 23 30 37 41 45 38 50 20 40 30 45 27 26 34 48 23 39 26 46 37 39 37 46 22 41 38 57 43 0 40 24 36 37 45 37 25 46 32 20 41 42 35 36 40 43 40 40 35 47 42 45 42 50 39 42 41 37 34 32 44 42 33 53 44 44 48 38 
39 22 41 40 32 33 48 31 35 35 33 31 45 45 30 31 43 49 36 35 34 38 37 31 34 43 46 47 42 43 33 34 30 43 34 45 24 21 43 46 38 48 21 37 44 22 25 41 31 34 39 28 38 43 21 35 40 47 41 50 31 48 0 42 50 32 44 42 33 31 48 43 21 20 43 48 38 11 49 32 43 45 22 34 34 22 41 16 34 34 23 32 39 34 31 41 26 49 48 43 
45 55 45 42 49 37 38 48 40 43 43 16 55 39 25 56 44 51 49 17 25 44 35 34 34 37 46 37 44 37 42 48 34 41 50 39 38 44 26 26 41 55 49 30 37 37 36 45 25 37 52 22 32 44 44 51 51 48 39 47 51 48 38 0 55 37 40 29 36 42 53 42 44 54 29 54 40 49 37 53 34 32 49 49 30 48 15 49 48 30 35 44 39 35 25 47 48 46 49 38 
27 39 28 20 35 20 41 23 22 28 38 44 37 27 35 44 33 30 42 29 23 36 30 25 25 18 41 40 43 39 23 46 43 33 16 33 29 38 29 31 30 36 38 41 23 33 33 42 29 28 31 13 23 36 29 36 32 29 22 37 22 10 36 28 0 35 41 24 28 44 39 30 24 34 29 46 37 28 42 36 30 26 25 10 37 45 43 19 37 25 20 11 31 28 17 19 37 50 32 33 
41 51 33 39 45 16 32 28 44 37 41 42 43 40 16 38 43 52 51 45 33 35 26 28 35 28 40 42 28 44 38 53 18 40 43 44 16 34 31 45 37 42 43 37 39 43 32 11 32 28 31 41 45 42 46 40 43 36 38 33 42 46 29 36 46 0 32 28 15 39 27 41 43 44 42 44 30 40 40 32 24 39 27 36 32 32 22 40 27 33 24 44 31 39 35 45 39 46 25 32 
43 29 41 43 30 38 35 42 24 29 39 46 44 42 47 42 35 41 37 46 40 49 34 36 41 54 14 45 47 47 42 49 43 14 41 29 24 48 47 55 48 32 46 42 42 49 16 41 38 47 42 45 35 45 26 28 45 50 32 52 40 46 30 49 36 34 0 42 29 36 31 51 50 33 41 43 44 40 18 45 45 39 35 43 46 44 41 29 35 44 46 30 56 27 48 31 54 43 42 28 
39 36 40 39 33 39 32 42 38 14 24 43 35 36 41 41 15 43 36 27 27 16 36 12 44 35 17 36 36 32 38 31 34 49 28 36 27 41 30 41 26 27 36 46 28 37 33 44 22 36 35 23 33 27 36 31 36 46 35 34 25 34 28 30 29 39 35 0 38 39 37 13 36 30 28 26 38 26 33 28 37 41 24 29 40 28 31 23 36 31 38 26 40 11 41 46 37 39 45 10 
42 43 39 39 30 31 31 13 30 27 32 36 43 37 31 40 28 41 47 37 38 26 41 25 38 28 30 29 43 35 43 38 30 28 35 37 31 49 18 44 39 34 47 52 35 39 34 26 23 40 26 28 38 34 36 27 46 39 31 38 27 41 40 24 42 15 38 13 0 51 29 26 43 43 27 29 15 39 40 35 39 37 37 36 17 41 37 31 40 37 30 31 44 24 33 30 45 31 35 17 
36 54 31 36 41 38 19 28 40 34 44 39 40 25 38 35 30 37 32 37 43 37 29 37 42 37 32 46 11 22 36 48 39 41 48 25 26 41 35 50 12 44 44 40 23 49 22 41 11 37 23 40 31 27 36 35 22 39 28 37 35 38 36 31 56 44 41 50 46 0 24 47 41 29 35 41 31 43 37 41 41 39 37 37 45 39 33 40 33 25 32 24 46 22 34 53 18 32 27 36 
37 30 39 12 26 37 48 34 22 10 20 15 16 34 34 11 33 27 37 33 34 38 42 13 33 39 38 23 37 28 33 41 30 33 41 39 39 33 29 48 27 40 29 33 19 25 29 34 35 35 40 31 30 29 26 43 28 45 27 46 21 36 25 28 45 23 37 26 38 38 0 39 29 20 24 24 31 19 13 40 23 34 39 29 34 23 25 16 35 34 31 25 46 31 38 38 29 38 37 23 
27 35 28 36 46 36 51 33 33 13 23 48 34 42 38 40 36 33 23 45 37 35 42 41 41 34 46 23 43 31 39 48 21 44 16 33 39 38 39 41 34 47 35 42 31 36 35 51 38 31 37 29 34 41 26 38 36 39 34 53 24 21 28 44 16 44 35 38 38 45 44 0 35 29 27 41 34 25 20 46 46 41 41 26 39 35 28 35 37 34 36 27 43 28 33 35 24 26 35 30 
29 42 27 33 32 35 42 37 24 34 34 37 30 24 39 42 35 36 34 34 44 28 44 10 40 36 32 35 34 22 24 47 44 35 31 24 28 40 34 41 24 36 43 39 24 46 21 27 10 36 37 37 30 38 28 14 33 36 37 40 23 33 26 28 47 46 42 37 35 53 31 31 0 46 35 31 17 37 42 46 40 27 26 25 44 48 33 33 15 24 35 12 42 32 30 46 38 31 37 39 
33 40 41 24 26 24 46 28 22 34 33 39 25 34 39 11 33 52 37 37 14 41 34 31 29 32 38 51 41 38 30 37 10 33 41 44 39 34 40 47 36 39 42 41 41 29 24 34 30 20 41 40 26 29 35 35 28 27 39 41 34 50 30 39 43 23 24 26 38 39 48 39 21 0 35 40 38 32 36 35 24 31 46 14 40 24 41 44 36 44 24 33 30 35 33 43 31 51 48 23 
37 50 44 40 46 40 40 35 35 28 38 36 44 41 27 49 15 29 51 31 44 45 37 40 28 18 40 39 46 39 41 46 51 46 45 36 28 45 28 49 43 32 50 32 46 49 17 40 27 49 45 34 43 31 28 33 47 29 38 52 39 44 31 44 49 40 42 36 40 44 39 45 33 41 0 52 50 40 46 56 47 34 39 30 44 21 17 30 48 37 37 45 40 28 30 18 42 48 48 43 
13 35 39 40 29 42 38 42 17 29 31 34 44 39 45 39 22 28 47 36 36 50 47 38 35 19 29 31 45 37 32 22 45 28 27 37 34 36 44 43 31 39 30 51 35 37 36 46 25 31 47 26 35 38 35 43 41 30 32 37 10 37 15 41 39 35 53 34 41 46 28 36 34 35 40 0 14 26 18 44 46 27 35 36 47 37 41 30 11 37 37 23 45 39 32 54 41 30 34 28 
27 29 30 26 15 33 35 38 31 24 17 21 30 43 41 25 26 41 50 30 30 38 37 27 23 33 15 37 31 42 45 36 39 42 41 39 25 40 35 29 41 33 39 37 33 39 35 42 36 35 42 20 30 37 21 29 40 36 27 23 24 46 29 33 42 37 39 40 33 37 14 33 33 34 26 14 0 29 27 30 37 41 36 43 33 37 31 16 25 48 23 37 33 28 39 44 43 16 20 37 
33 11 30 41 36 22 37 30 29 24 22 35 40 34 19 33 40 40 25 32 36 34 26 20 23 46 35 43 31 32 22 23 36 32 23 34 28 15 32 39 27 37 10 26 33 11 14 36 20 27 28 31 40 39 10 24 29 46 30 39 32 37 28 31 46 26 47 31 22 20 37 32 10 26 38 38 27 0 41 21 32 34 25 34 38 40 31 34 25 23 12 21 28 23 20 30 15 41 40 39 
39 40 34 33 31 24 46 39 43 31 32 43 39 28 33 45 35 38 49 36 37 41 34 27 40 37 39 41 35 45 24 31 44 39 28 26 41 39 30 41 41 27 39 35 24 40 34 44 33 38 39 27 17 27 39 44 47 47 14 34 23 44 18 36 52 44 42 38 41 35 37 44 39 38 41 47 38 29 0 28 34 21 26 25 31 40 23 34 36 26 35 12 42 40 30 46 38 25 24 10 
42 46 41 36 30 36 35 29 28 24 34 50 37 38 24 23 25 50 46 30 37 19 34 22 26 38 14 36 43 36 43 41 44 35 38 38 24 43 25 51 36 37 40 29 38 42 35 41 24 46 42 33 40 37 42 28 38 49 36 44 35 16 37 34 25 35 38 10 40 36 40 23 36 40 38 29 43 36 35 0 46 26 34 26 43 38 14 29 40 38 15 36 28 21 27 39 47 45 46 20 
28 38 31 44 33 37 33 25 20 37 43 21 45 33 21 31 31 50 47 40 34 38 31 35 39 42 47 46 26 37 31 35 30 31 33 40 23 10 35 48 27 48 38 17 31 42 24 32 26 40 23 41 40 37 38 38 37 47 37 51 48 38 24 36 40 21 44 40 36 15 39 51 41 20 34 48 46 35 41 48 0 44 34 34 52 44 27 40 45 31 31 38 26 35 28 39 33 38 42 43 
48 43 31 36 38 33 42 42 59 38 45 39 25 51 47 53 35 37 43 52 57 45 43 32 28 43 36 59 32 51 42 50 46 28 53 43 20 45 48 56 42 38 39 51 44 34 48 46 44 43 44 47 49 38 35 33 48 54 38 50 23 47 48 36 37 37 41 35 42 43 42 37 38 47 31 54 52 50 45 49 43 0 31 47 21 52 37 39 43 20 17 35 33 38 40 47 49 38 21 45 
17 49 36 48 44 49 39 40 40 45 38 50 48 36 22 41 43 27 46 45 39 41 32 22 43 36 41 29 37 34 22 53 18 37 28 36 40 48 32 39 36 43 48 49 39 27 32 49 22 12 36 30 36 38 45 40 46 36 42 52 38 45 27 40 35 38 32 44 39 51 36 50 46 30 28 43 29 38 28 37 49 42 0 40 47 32 39 43 12 36 32 27 38 40 39 35 23 43 26 38 
48 29 27 10 44 10 32 14 31 20 30 41 41 35 34 34 29 38 43 34 38 27 20 26 15 18 31 38 43 36 31 41 34 30 41 36 41 30 39 48 40 40 28 31 31 23 27 32 24 41 27 31 41 39 28 26 45 29 25 27 20 39 35 25 43 41 48 14 35 34 35 27 25 24 34 37 42 18 39 26 20 34 32 0 42 42 40 30 40 33 10 19 26 25 34 48 33 42 35 23 
28 26 22 35 42 34 38 39 45 38 33 38 42 30 37 41 25 38 44 35 36 24 31 29 24 28 46 42 40 49 26 49 25 11 44 26 34 41 38 35 34 42 40 42 26 22 27 42 37 35 39 27 37 41 38 29 44 39 28 51 25 46 38 22 49 41 39 39 26 34 38 33 34 30 10 34 31 45 37 50 42 29 28 27 0 31 27 35 28 21 13 14 29 38 32 28 40 17 38 43 
35 49 36 39 44 33 32 14 31 40 50 41 43 30 49 29 42 41 40 13 50 27 43 36 43 31 50 50 33 28 43 38 51 37 24 30 34 46 39 51 44 36 49 45 45 44 27 19 16 42 27 41 36 44 41 43 44 42 43 50 47 38 41 25 28 41 59 36 52 52 46 49 46 50 36 37 45 44 48 49 43 52 45 38 26 0 39 43 35 30 32 39 45 36 34 47 39 37 45 46 
36 40 30 27 40 37 23 33 44 34 28 42 42 24 10 49 43 36 34 23 27 29 20 33 31 36 39 22 29 22 29 33 49 39 44 24 23 40 11 38 26 50 39 15 30 40 21 30 10 36 37 21 26 32 35 36 36 39 37 51 39 34 23 30 44 39 25 28 36 27 38 28 41 41 37 39 33 34 42 46 37 17 34 34 36 45 0 39 33 24 20 38 27 32 13 51 43 31 38 38 
39 24 40 24 16 35 38 41 42 32 35 48 46 44 32 45 42 45 38 33 49 22 39 32 36 37 42 48 44 45 35 36 43 29 36 44 41 28 37 48 40 34 23 39 44 24 19 46 33 40 26 40 48 27 23 35 42 48 43 52 35 41 33 40 55 39 42 41 34 33 44 45 23 38 27 32 40 13 50 31 45 45 38 45 18 27 28 0 38 36 25 32 39 30 25 34 28 35 53 46 
14 46 28 42 32 42 27 31 34 41 34 38 47 40 51 42 33 33 46 47 29 42 52 39 40 33 32 20 42 38 36 53 53 45 16 33 39 38 46 45 51 50 45 42 36 43 37 51 26 42 37 27 31 28 38 38 36 44 36 40 32 52 24 42 54 41 43 35 42 39 31 38 34 44 43 31 17 35 44 47 39 39 38 32 45 45 48 33 0 31 40 24 43 28 42 58 39 33 37 38 
51 38 30 48 47 13 49 48 43 43 41 30 34 43 37 42 47 49 23 41 37 35 23 33 36 34 43 41 49 41 42 32 48 23 46 38 46 33 41 41 36 55 19 34 50 47 39 53 29 46 46 37 42 24 44 40 41 43 35 30 51 45 47 40 46 44 39 39 35 38 41 30 46 42 43 44 48 36 50 29 23 55 47 53 45 35 40 46 49 0 25 48 41 18 29 54 35 50 45 40 
45 35 29 37 38 42 25 26 42 33 33 35 32 45 44 36 46 45 43 36 42 39 40 31 11 43 45 43 37 43 45 41 41 20 36 33 41 28 43 45 38 38 28 46 44 46 41 29 31 40 39 41 32 42 30 16 35 38 21 41 44 41 32 19 36 39 55 38 25 26 25 20 21 39 40 49 38 35 29 53 48 48 28 46 40 48 34 22 36 41 0 33 16 41 38 54 44 43 31 39 
31 38 40 21 44 23 45 27 31 33 39 41 40 16 27 45 23 29 37 26 44 40 33 15 28 28 44 29 39 39 12 44 32 27 42 30 35 32 30 29 29 40 31 43 12 34 22 34 36 26 39 40 25 29 32 38 39 39 38 40 11 32 31 25 40 40 30 27 42 47 40 37 38 35 40 49 39 31 40 39 33 15 14 13 36 46 40 40 26 14 23 0 32 32 18 34 26 53 35 36 
47 29 25 48 41 38 42 35 40 41 17 37 28 35 30 52 39 50 41 32 31 47 40 45 47 31 41 40 37 33 35 25 43 44 48 38 44 46 34 42 29 34 12 35 39 47 41 25 36 41 45 33 28 38 26 12 31 22 47 25 48 44 25 35 34 38 49 37 28 31 41 35 42 45 24 51 43 36 53 53 39 53 42 44 33 42 41 41 41 25 36 39 0 25 22 42 49 50 49 44 
37 41 31 46 41 38 49 31 42 35 29 38 45 25 44 40 48 37 35 30 32 36 48 34 49 32 38 46 49 23 38 43 54 38 40 25 29 41 35 40 48 39 44 40 40 52 22 36 11 37 38 22 31 22 36 29 48 40 38 46 36 30 36 22 45 44 24 33 37 54 48 46 47 44 38 26 40 47 42 40 41 51 40 41 43 17 34 44 34 25 47 38 46 0 33 53 33 32 48 22 
36 43 39 38 41 32 49 34 31 39 31 31 42 33 36 37 38 30 34 12 32 33 42 34 33 29 46 23 51 22 47 37 39 36 49 45 47 38 12 39 43 48 26 41 21 43 34 39 38 37 40 22 31 19 40 26 45 36 37 39 26 36 23 34 48 41 32 36 37 45 41 39 42 41 35 43 34 34 42 48 42 31 45 35 25 45 33 39 33 34 38 39 14 39 0 47 30 38 44 45 
19 41 39 22 36 22 40 25 26 32 31 37 38 44 16 33 21 11 39 45 33 34 22 22 10 30 35 28 35 41 32 44 33 37 43 32 10 27 31 39 36 37 40 26 41 35 31 33 30 33 35 32 39 37 10 34 29 41 20 39 32 44 29 36 45 22 47 18 22 29 22 31 20 23 42 44 37 30 35 38 32 44 21 12 38 45 44 38 33 39 22 29 38 29 34 0 43 51 30 25 
36 42 25 35 28 35 35 39 33 37 30 34 25 40 26 22 39 46 38 28 25 19 31 40 24 38 28 38 40 38 41 45 21 34 30 40 38 41 27 42 42 39 42 31 37 40 35 30 26 31 13 33 33 35 31 17 36 37 34 36 33 28 33 33 48 34 35 33 39 40 27 34 32 11 39 23 13 42 40 23 35 31 41 25 41 35 16 29 26 38 14 44 30 41 16 47 0 29 29 33 
25 45 31 35 38 47 38 38 42 34 34 39 25 40 47 50 41 35 50 42 19 47 35 22 51 25 36 31 32 38 35 42 43 45 27 23 35 39 43 28 36 38 29 36 39 40 37 41 26 25 36 10 20 38 35 29 46 36 11 40 43 45 33 25 48 31 51 31 25 44 42 44 40 43 26 42 28 44 38 50 29 50 44 43 34 44 37 37 11 40 40 35 17 27 38 44 36 0 21 32 
49 51 10 39 31 46 39 40 40 37 39 42 29 37 26 35 27 49 47 31 36 31 36 37 47 27 15 38 11 35 39 49 49 46 42 37 25 42 27 44 42 17 37 31 23 34 34 33 23 41 23 26 36 17 34 20 37 38 50 50 38 38 36 36 59 43 32 39 41 37 27 44 42 39 42 37 41 43 36 36 32 29 36 40 44 40 16 30 46 37 36 27 25 23 19 51 28 44 0 30 
29 34 30 29 42 29 38 33 36 37 22 33 29 32 33 35 39 35 47 26 27 31 39 29 34 27 32 31 42 35 28 21 38 43 18 35 41 40 20 32 43 17 40 39 18 34 34 45 23 32 41 17 27 17 38 40 37 37 37 24 27 34 39 31 43 34 32 28 32 47 27 34 42 28 33 37 28 37 23 18 32 31 30 19 38 47 32 39 42 30 29 16 45 30 31 42 28 44 47 0 